3.0
1.11
1.56
3.0
1.02
1.74
1.01
1.24
1.92
1.0
1.1
1.0
1.01
3.0
1.0
1.04
3.0
1.0
1.0
1.02
1.02
1.11
2.72
1.03
1.8
3.0
1.13
3.0
2.91
3.0
1.02
1.16
1.37
3.0
3.0
1.31
2.13
3.0
3.0
1.04
1.88
3.0
3.0
1.15
1.66
1.75
1.91
1.0
1.8
2.95
1.65
1.05
1.04
1.73
2.71
1.51
1.11
2.87
1.36
1.04
3.0
1.34
3.0
1.12
1.24
1.09
1.86
1.75
1.02
3.0
1.64
3.0
1.48
1.09
1.36
2.73
1.23
3.0
1.95
3.0
1.02
1.24
1.13
1.23
1.0
3.0
1.74
1.73
1.01
3.0
1.11
1.55
1.91
3.0
2.02
1.54
1.0
1.55
1.0
3.0
3.0
1.09
1.05
2.2
3.0
1.01
3.0
2.12
1.0
1.0
1.31
1.04
1.11
2.46
3.0
1.86
1.53
3.0
1.06
1.27
1.64
2.91
1.04
3.0
1.51
3.0
1.07
2.13
1.04
1.01
3.0
1.04
2.97
3.0
1.58
1.88
2.2
1.02
1.0
1.21
3.0
3.0
1.71
2.53
1.67
2.1
1.02
1.63
1.45
1.42
1.09
1.25
3.0
2.82
1.16
1.03
1.36
3.0
1.6
1.02
1.67
1.04
2.17
3.0
1.6
1.07
1.06
3.0
1.98
3.0
3.0
1.23
2.74
1.04
3.0
3.0
3.0
1.0
3.0
1.51
1.04
1.26
1.24
1.2
1.29
1.47
3.0
3.0
2.55
1.08
2.2
1.53
1.28
2.89
3.0
2.06
2.76
1.03
1.11
3.0
3.0
1.56
2.14
1.0
1.08
3.0
3.0
1.01
1.31
1.02
1.02
1.01
1.14
1.64
1.13
1.0
1.01
2.86
3.0
1.02
1.0
2.06
3.0
1.57
1.15
2.33
1.0
1.22
3.0
1.25
1.0
3.0
3.0
3.0
1.43
1.24
1.07
3.0
1.64
1.1
2.71
1.12
3.0
2.43
1.0
3.0
1.0
3.0
3.0
3.0
1.04
2.52
1.25
1.32
1.0
1.55
3.0
1.98
1.04
3.0
3.0
2.35
1.04
1.9
3.0
3.0
3.0
1.37
1.66
1.62
3.0
1.0
1.43
1.68
2.18
3.0
1.38
1.0
3.0
1.03
1.92
1.04
1.72
3.0
3.0
1.0
3.0
3.0
1.38
1.85
3.0
1.0
3.0
1.0
1.33
2.55
1.08
1.0
1.07
3.0
1.02
3.0
1.39
1.18
3.0
1.03
1.4
2.39
1.72
3.0
2.48
3.0
1.0
1.02
3.0
1.0
3.0
1.0
2.03
1.52
1.06
1.14
2.77
1.02
1.0
3.0
3.0
1.85
3.0
1.0
3.0
1.6
1.01
1.0
1.52
1.29
1.09
1.05
1.67
2.08
1.45
1.68
1.0
1.56
1.02
2.06
3.0
1.19
1.27
3.0
3.0
1.09
1.08
3.0
3.0
2.03
1.1
2.6
1.02
3.0
3.0
1.0
3.0
3.0
3.0
1.09
2.39
1.04
2.12
1.03
3.0
1.15
1.29
1.87
3.0
1.04
3.0
2.94
1.0
2.16
1.02
2.4
1.03
3.0
1.39
2.55
1.0
1.1
1.09
3.0
1.1
3.0
2.67
1.31
1.33
1.07
3.0
3.0
2.89
1.06
1.0
1.04
1.0
1.0
3.0
2.24
3.0
1.32
1.56
1.65
1.19
1.04
1.03
1.0
1.86
1.01
1.43
3.0
1.57
1.01
1.56
3.0
3.0
2.94
3.0
1.0
2.08
1.05
1.3
3.0
1.0
3.0
1.0
3.0
1.76
1.04
1.72
3.0
1.09
2.51
1.0
3.0
1.0
1.73
2.44
3.0
3.0
3.0
1.3
1.18
1.1
1.73
1.91
3.0
3.0
1.05
1.05
2.29
2.0
2.17
2.85
1.37
1.03
1.87
3.0
1.03
3.0
2.16
3.0
1.18
2.44
3.0
1.18
1.92
1.03
2.4
1.04
1.07
1.0
1.63
1.25
1.94
1.0
1.0
1.0
1.1
1.19
1.05
2.0
3.0
3.0
1.46
3.0
3.0
3.0
1.07
1.18
3.0
1.07
1.03
3.0
3.0
2.0
3.0
1.0
1.0
1.09
1.01
1.12
3.0
3.0
1.42
1.32
3.0
3.0
1.01
1.03
1.12
1.04
3.0
1.04
1.8
3.0
3.0
1.1
1.71
1.79
1.04
3.0
1.59
3.0
3.0
1.0
3.0
1.65
3.0
1.16
3.0
2.34
1.03
2.87
1.04
3.0
1.03
3.0
10.84
3.0
1.95
1.95
1.95
1.0
1.34
1.34
1.34
1.34
1.34
1.34
1.02
2.23
2.23
1.02
9.7
9.7
1.0
1.0
1.01
1.01
1.69
1.69
1.69
1.69
1.69
1.69
14.32
1.14
4.77
4.77
4.77
4.77
4.77
4.77
2.96
1.12
1.81
4.21
1.73
1.0
1.04
1.04
1.58
6.96
5.06
4.16
1.05
1.04
1.0
1.65
1.18
2.79
2.18
1.0
7.86
1.05
2.45
5.95
5.95
5.95
5.95
5.95
5.95
1.23
32.29
1.12
2.32
19.2
1.03
2.17
5.44
1.0
1.06
1.04
2.67
1.46
1.44
2.39
3.26
2.79
1.04
2.84
3.71
1.0
4.05
3.37
1.91
1.0
9.28
1.6
1.22
2.55
42.59
1.05
3.11
1.34
75.31
75.31
75.31
75.31
75.31
75.31
14.21
1.02
1.87
110.78
2.45
4.01
1.3
5.23
2.4
1.07
1.58
11.42
1.23
4.07
4.67
1.53
7.45
1.0
1.94
12.44
1.02
1.25
1.73
1.21
3.01
3.62
4.67
154.72
3.0
1.87
3.0
1.26
1.18
3.0
1.02
1.04
1.0
1.08
3.0
1.0
1.05
1.72
1.86
3.0
1.0
3.0
1.34
1.04
2.81
1.96
3.0
1.03
2.02
1.0
1.94
1.72
1.08
1.07
3.0
1.09
1.53
1.03
2.54
1.0
3.0
1.2
3.0
2.42
1.16
1.9
2.99
1.23
1.0
1.07
1.02
1.12
1.47
3.0
1.05
1.0
1.14
3.0
1.95
3.0
1.21
2.01
1.07
2.62
1.48
1.13
3.0
1.08
1.26
3.0
3.0
1.0
1.03
2.31
1.88
1.18
1.01
2.92
1.6
3.0
1.27
2.82
1.1
1.53
1.05
1.16
3.0
1.03
1.88
1.0
1.75
1.71
3.0
1.04
3.0
1.0
2.73
3.0
3.0
1.0
3.0
2.13
3.0
1.49
3.0
2.4
1.46
1.05
3.0
1.32
1.05
1.18
1.1
1.0
3.0
3.0
1.45
2.26
1.0
1.1
1.46
1.83
3.0
1.0
1.1
3.0
1.04
1.05
2.67
1.57
3.0
3.0
3.0
1.2
1.04
3.0
1.01
1.04
3.0
1.74
1.33
2.63
1.12
1.04
1.33
1.04
1.29
1.42
1.04
3.0
1.01
3.0
1.0
3.0
3.0
2.01
3.0
1.3
3.0
1.28
1.12
3.0
1.0
2.65
1.41
1.17
1.05
3.0
3.0
3.0
1.45
3.0
1.13
1.22
1.44
1.04
3.0
1.02
1.0
1.03
1.04
1.15
2.6
1.43
1.02
1.03
3.0
3.0
1.09
1.07
1.2
2.11
2.07
3.0
3.0
1.87
1.04
1.41
2.5
1.72
1.44
3.0
3.0
2.02
1.1
3.0
3.0
1.25
1.01
1.94
1.0
3.0
3.0
1.02
1.0
3.0
2.45
1.06
3.0
3.0
3.0
1.0
1.02
1.03
1.0
1.09
1.09
1.73
1.43
1.04
1.02
2.35
1.05
1.07
1.09
1.02
3.0
2.35
3.0
1.98
1.13
3.0
3.0
1.55
1.05
2.75
1.08
1.0
1.52
3.0
1.25
1.14
1.0
1.01
1.35
3.0
1.04
1.82
1.12
2.4
1.51
1.81
1.37
3.0
2.97
1.03
3.0
3.0
2.14
1.05
1.03
1.59
1.39
3.0
3.0
3.0
1.78
1.63
1.03
1.32
2.54
1.05
1.54
1.49
3.0
1.32
1.07
1.02
1.06
3.0
1.81
1.41
1.05
3.0
1.86
3.0
3.0
3.0
2.28
1.05
1.1
1.22
1.51
1.06
1.03
2.09
1.0
1.7
3.0
3.0
1.03
1.05
3.0
2.98
1.41
1.0
1.43
3.0
2.87
3.0
1.12
3.0
1.0
1.07
1.05
3.0
3.0
2.44
3.0
1.22
1.02
1.49
1.0
3.0
1.05
2.43
2.06
1.92
1.92
1.92
1.92
1.92
1.92
1.92
1.92
1.92
1.92
1.92
1.92
1.92
1.92
1.92
1.92
1.92
1.92
1.92
1.92
1.92
1.92
1.92
1.92
1.92
1.92
1.92
1.92
1.92
1.92
1.92
3.0
3.0
1.0
3.0
1.85
3.0
1.09
1.33
3.0
2.22
3.0
1.03
2.05
3.0
3.0
1.06
3.0
1.21
1.05
1.69
2.45
1.31
3.0
1.01
3.0
3.0
1.07
1.91
3.0
1.85
1.08
2.26
1.05
2.9
1.02
2.73
2.7
3.0
1.32
1.03
1.98
2.56
1.1
3.0
3.0
1.06
2.38
1.28
3.0
1.73
1.05
3.0
1.33
3.0
1.12
3.0
3.0
1.05
3.0
1.06
1.02
3.0
1.76
3.0
3.0
1.06
1.04
1.0
1.32
1.04
1.11
2.81
3.0
1.69
1.6
1.05
1.17
1.0
3.0
3.0
2.55
1.24
3.0
1.0
3.0
1.0
1.08
1.0
3.0
3.0
1.17
1.02
1.0
2.34
1.69
1.02
1.09
1.03
1.43
1.9
1.02
3.0
2.0
1.0
3.0
1.03
1.0
1.05
1.35
1.86
1.2
1.03
1.38
1.71
1.02
1.02
3.0
1.39
1.5
3.0
3.0
1.28
1.03
1.05
3.0
1.1
3.0
1.66
2.16
1.02
1.04
1.09
1.37
1.44
1.0
1.05
1.18
3.0
1.66
3.0
1.06
3.0
3.0
1.46
1.71
1.99
1.03
1.0
1.04
1.93
1.01
1.0
1.49
1.3
3.0
1.59
3.0
3.0
1.04
1.42
3.0
3.0
1.21
1.04
3.0
3.0
1.07
1.0
2.91
1.34
3.0
3.0
1.29
3.0
3.0
3.0
1.35
1.05
1.04
3.0
3.0
1.09
3.0
3.0
1.02
3.0
3.0
3.0
1.02
1.64
1.0
1.03
3.0
2.06
1.07
2.26
3.0
3.0
1.03
1.03
2.21
1.19
1.04
1.4
2.09
1.08
1.02
1.51
3.0
1.02
1.29
2.04
1.25
2.02
1.72
1.6
1.22
1.01
2.37
1.61
3.0
1.79
1.78
1.0
1.05
1.03
1.03
3.0
1.33
1.02
1.63
2.23
1.12
1.63
1.52
3.0
2.7
1.3
1.0
3.0
1.49
1.0
3.0
1.44
1.07
1.0
1.85
1.3
3.0
1.0
2.03
1.56
1.11
3.0
1.02
3.0
1.56
2.53
1.28
1.81
1.02
2.98
1.04
1.57
2.03
2.75
1.18
1.93
1.95
1.17
1.49
1.0
1.0
3.0
1.02
1.22
3.0
1.88
3.0
2.09
1.05
1.34
2.16
2.93
2.77
3.0
1.03
1.04
1.05
1.05
3.0
3.0
1.31
1.0
1.77
1.08
2.39
1.01
1.03
1.02
1.05
1.0
3.0
1.04
3.0
1.98
1.49
3.0
2.19
3.0
3.0
1.31
1.1
3.0
1.18
1.52
3.0
1.13
2.19
1.31
1.04
2.12
1.05
2.45
1.92
3.0
2.51
3.0
3.0
1.6
1.0
3.0
1.03
3.0
1.05
1.41
3.0
2.48
1.0
1.02
3.0
1.07
1.78
1.03
1.93
1.26
3.0
1.35
1.32
1.02
1.61
1.0
1.69
2.24
1.01
1.08
1.04
3.0
3.0
1.27
3.0
1.89
1.42
1.13
1.02
3.0
3.0
1.02
2.32
3.0
1.45
3.0
1.67
3.0
1.38
1.05
1.04
3.0
1.85
1.07
2.36
1.35
1.88
1.03
3.0
1.0
1.04
2.18
3.0
1.48
3.0
1.02
1.09
1.02
2.14
1.22
2.95
1.08
3.0
1.49
1.2
1.07
1.37
1.03
1.08
2.85
1.09
2.31
1.32
1.0
1.68
3.0
2.03
1.2
2.45
1.03
2.04
1.46
1.02
1.02
1.66
3.0
3.0
1.02
2.32
3.0
3.0
1.0
1.29
2.95
3.0
2.23
2.81
1.36
1.03
3.0
3.0
1.03
1.09
1.07
1.16
1.14
3.0
3.0
1.02
1.05
2.66
1.03
2.11
1.05
2.36
2.03
3.0
1.55
1.4
3.0
1.09
1.02
2.32
1.23
1.0
1.02
1.05
3.0
3.0
1.13
1.0
3.0
1.32
3.0
3.0
1.35
1.33
3.0
1.42
3.0
1.0
1.27
3.0
1.07
2.33
1.19
3.0
2.63
1.0
1.04
1.77
3.0
1.0
3.0
3.0
1.72
2.67
2.57
1.02
3.0
1.04
1.44
1.3
1.85
2.43
2.03
1.05
1.73
1.32
1.11
3.0
1.73
3.0
1.09
1.03
3.0
3.0
3.0
3.0
3.0
3.0
1.01
1.3
1.15
3.0
1.25
1.8
1.0
2.45
1.03
1.64
1.16
2.21
1.36
1.05
1.86
1.01
3.0
1.06
1.76
1.03
1.41
1.93
3.0
1.07
1.09
1.25
1.42
1.7
1.04
1.44
3.0
2.01
2.32
3.0
1.1
1.03
1.04
1.05
1.08
3.0
1.1
3.0
3.0
1.12
1.62
1.28
3.0
1.88
1.0
1.09
3.0
3.0
2.75
1.0
1.96
1.37
1.03
3.0
1.48
1.0
2.22
2.25
3.0
1.0
3.0
2.75
1.05
3.0
3.0
1.0
1.35
3.0
2.11
1.02
3.0
2.88
1.3
3.0
3.0
2.4
3.0
3.0
1.02
3.0
1.5
3.0
1.0
3.0
1.65
1.09
1.27
1.04
3.0
1.27
2.07
1.43
1.36
1.19
1.64
1.01
1.07
2.09
1.06
1.14
3.0
2.39
1.0
3.0
3.0
2.06
1.0
2.92
3.0
2.3
3.0
1.62
1.03
3.0
1.05
1.59
1.32
1.0
3.0
3.0
1.03
1.47
3.0
3.0
3.0
2.11
1.81
1.04
1.07
1.03
1.22
3.0
1.29
3.0
1.32
3.0
1.09
2.26
1.08
1.62
1.09
1.26
2.81
2.51
1.05
1.0
1.06
3.0
3.0
1.31
3.0
1.5
1.05
1.5
3.0
3.0
1.32
2.12
1.33
1.02
1.01
1.78
1.38
1.0
1.0
1.95
1.96
1.09
3.0
1.0
1.9
1.07
1.02
1.22
1.5
3.0
1.06
1.49
1.56
1.02
1.49
1.08
1.55
3.0
2.7
2.63
3.0
1.01
1.44
3.0
1.36
2.63
1.21
3.0
2.9
1.05
1.24
1.04
1.0
1.08
1.06
1.89
3.0
3.0
1.0
1.0
2.78
3.0
1.0
1.05
1.3
1.06
1.09
2.17
1.28
1.32
3.0
3.0
3.0
1.1
1.0
3.0
3.0
1.62
3.0
2.81
1.0
1.0
1.14
1.02
3.0
3.0
1.64
1.0
1.52
2.06
2.22
1.67
1.68
3.0
1.0
3.0
1.06
1.25
1.61
3.0
2.55
1.03
1.8
1.74
1.08
2.01
1.92
2.61
1.03
1.25
1.0
2.99
1.06
1.41
1.16
3.0
1.02
3.0
3.0
1.29
1.99
1.76
1.03
1.94
3.0
3.0
2.7
2.26
1.01
1.43
3.0
1.13
3.0
1.7
2.05
1.0
1.58
1.05
1.1
2.21
1.34
1.7
1.41
3.0
2.91
3.0
1.0
1.47
1.4
3.0
2.5
2.34
1.6
3.0
2.26
1.03
1.0
1.44
1.04
2.04
1.0
3.0
1.05
2.06
1.59
1.64
1.13
1.03
3.0
3.0
2.14
1.03
2.01
1.0
1.35
1.02
1.04
1.03
1.51
2.58
3.0
3.0
1.0
1.27
1.73
3.0
2.37
3.0
1.0
1.03
1.33
1.55
3.0
1.43
1.29
2.23
1.07
1.03
1.73
1.36
1.7
1.36
1.67
1.72
1.89
1.0
1.18
1.42
1.3
1.78
1.03
1.83
3.0
3.0
1.0
1.08
3.0
1.02
3.0
3.0
3.0
1.62
3.0
3.0
2.95
1.0
1.0
1.29
1.04
3.0
2.5
3.0
1.49
1.03
1.16
1.0
3.0
1.03
1.6
3.0
3.0
2.31
2.19
1.07
3.0
1.24
1.05
3.0
3.0
1.02
1.09
1.08
2.91
1.0
1.01
1.2
3.0
1.73
2.17
1.11
1.08
3.0
3.0
3.0
3.0
3.0
1.53
1.0
3.0
1.54
1.0
1.34
3.0
3.0
2.74
1.02
3.0
1.07
1.55
1.75
3.0
1.0
1.02
3.0
1.06
2.33
1.16
1.17
1.01
3.0
1.97
3.0
2.11
1.58
1.0
1.72
1.07
2.05
1.0
3.0
1.76
1.38
1.0
1.03
1.61
1.28
3.0
1.04
3.0
3.0
1.0
3.0
1.57
2.26
1.58
3.0
1.0
1.0
1.24
1.86
3.0
1.0
2.11
1.49
1.35
2.91
2.51
1.5
1.02
1.03
1.92
1.19
1.5
1.89
3.0
2.4
1.68
3.0
1.02
2.8
1.02
1.11
1.38
2.47
3.0
1.0
1.61
3.0
3.0
1.05
2.49
3.0
1.0
1.09
1.32
1.48
1.21
1.96
1.03
1.58
1.44
1.56
1.31
1.29
1.07
3.0
1.04
1.84
3.0
3.0
2.34
3.0
1.07
2.01
1.05
1.0
3.0
1.12
1.14
3.0
1.0
3.0
2.2
1.02
1.46
1.14
3.0
3.0
1.82
2.17
1.31
1.03
1.57
1.54
3.0
2.07
1.05
3.0
2.13
1.6
1.06
1.57
1.16
1.94
1.03
1.32
3.0
3.0
3.0
3.0
3.0
3.0
3.0
3.0
3.0
3.0
3.0
3.0
3.0
3.0
3.0
3.0
3.0
3.0
3.0
3.0
3.0
3.0
3.0
3.0
3.0
3.0
3.0
3.0
3.0
3.0
3.0
1.01
3.0
1.78
2.34
1.09
1.04
1.64
1.05
1.65
1.54
3.0
1.01
3.0
1.68
1.03
1.0
3.0
3.0
2.33
3.0
3.0
1.24
1.0
2.45
1.44
1.43
1.95
3.0
2.29
1.05
1.09
3.0
3.0
1.01
2.96
1.52
3.0
1.04
2.73
3.0
1.04
1.0
1.0
3.0
1.02
2.83
1.07
1.04
3.0
1.25
3.0
1.0
1.14
1.28
1.08
1.81
1.31
2.0
1.12
3.0
3.0
1.09
1.11
3.0
3.0
1.43
1.98
1.15
3.0
1.09
1.0
2.11
3.0
1.03
2.13
3.0
1.38
1.09
1.33
3.0
1.05
1.38
2.08
3.0
3.0
3.0
1.03
3.0
3.0
2.7
1.22
1.78
1.1
3.0
3.0
3.0
1.6
1.61
2.01
2.62
2.43
1.04
1.26
1.49
1.59
1.96
3.0
1.0
1.71
1.2
3.0
3.0
1.17
1.95
2.62
3.0
1.08
1.46
2.23
2.43
1.01
1.73
1.92
1.56
1.87
1.02
3.0
1.08
1.07
1.0
3.0
1.08
3.0
1.23
3.0
1.2
2.2
1.08
1.02
3.0
1.72
1.0
1.23
3.0
3.0
3.0
1.31
3.0
1.94
3.0
1.09
2.01
1.01
3.0
3.0
1.0
1.03
2.47
1.04
1.06
3.0
1.03
1.41
1.36
1.04
2.61
1.34
1.4
1.96
3.0
3.0
2.91
2.91
3.0
1.01
1.1
1.74
1.3
3.0
2.26
1.0
1.02
1.22
2.9
3.0
1.05
3.0
1.45
1.03
1.03
1.02
1.0
1.0
3.0
3.0
3.0
3.0
1.0
3.0
1.84
3.0
3.0
1.1
1.03
3.0
3.0
1.34
3.0
3.0
1.0
1.0
1.76
1.03
1.32
1.0
2.13
3.0
1.48
3.0
1.0
3.0
1.65
3.0
3.0
2.3
1.03
2.16
3.0
1.0
1.0
1.03
3.0
1.06
1.04
1.74
3.0
3.0
3.0
1.0
1.18
2.7
1.67
3.0
1.2
1.63
2.09
1.06
1.04
1.48
1.19
3.0
1.06
1.0
1.67
2.44
3.0
1.56
1.03
1.33
1.83
1.1
1.09
3.0
1.0
3.0
2.92
1.62
1.78
2.62
1.02
1.33
1.11
1.03
3.0
3.0
3.0
3.0
3.0
1.12
2.46
2.85
1.04
1.97
3.0
1.07
1.01
1.29
2.18
1.02
1.77
3.0
1.52
1.77
1.03
1.0
3.0
1.58
3.0
3.0
3.0
1.92
1.04
1.03
2.11
2.44
1.07
1.61
1.25
1.1
1.88
3.0
1.08
1.1
3.0
3.0
1.23
1.05
3.0
1.0
1.03
1.0
1.31
1.16
1.04
3.0
1.32
1.12
2.34
1.73
1.6
1.07
3.0
1.36
2.01
1.3
1.01
3.0
2.0
1.33
2.35
3.0
1.0
2.08
1.23
1.91
1.02
2.84
3.0
3.0
1.04
3.0
1.55
3.0
1.05
1.24
3.0
2.11
1.26
1.09
3.0
1.0
1.07
3.0
2.19
1.58
1.0
3.0
1.27
1.21
3.0
1.04
1.08
1.34
1.15
1.05
2.85
1.94
1.02
1.09
2.82
2.72
2.24
1.08
1.0
3.0
3.0
2.39
1.02
1.92
1.39
1.31
1.31
2.37
1.07
1.7
3.0
2.41
1.15
1.03
1.06
1.4
3.0
1.1
1.52
1.04
3.0
3.0
1.08
1.45
1.0
1.0
3.0
1.53
1.08
1.03
1.39
1.33
1.0
1.16
3.0
1.0
1.01
1.09
3.0
1.01
3.0
1.92
1.12
2.95
1.05
1.03
1.02
1.65
3.0
1.49
2.14
1.42
1.21
1.31
1.53
1.43
1.0
3.0
1.05
1.02
1.13
3.0
2.12
1.05
3.0
3.0
3.0
1.0
1.45
1.2
3.0
1.03
1.01
2.81
1.48
1.09
3.0
1.55
3.0
2.78
1.0
1.11
1.71
3.0
2.77
1.05
3.0
1.08
1.87
1.03
1.85
2.72
1.03
1.31
1.91
1.04
1.04
1.45
2.62
2.11
1.0
1.03
1.48
1.0
1.15
2.05
1.01
3.0
3.0
2.47
1.33
3.0
1.03
1.65
3.0
2.22
3.0
1.02
2.25
3.0
3.0
1.03
1.03
1.03
1.04
1.02
3.0
3.0
1.24
1.02
2.33
3.0
1.23
1.08
1.99
1.99
3.0
3.0
1.92
1.3
1.0
2.29
1.69
1.0
1.01
1.02
1.32
1.22
3.0
3.0
3.0
1.53
1.07
3.0
1.12
1.25
3.0
2.6
1.02
1.23
1.59
1.03
1.01
3.0
1.0
1.48
1.22
3.0
3.0
1.55
1.02
1.01
1.43
3.0
1.0
1.05
1.45
1.59
1.02
3.0
1.32
1.14
3.0
1.02
1.36
2.17
1.04
3.0
1.71
1.02
1.19
1.51
2.76
1.95
3.0
1.0
1.0
2.28
2.04
1.91
1.02
1.87
3.0
3.0
3.0
1.07
1.14
1.03
3.0
1.02
3.0
1.0
1.11
1.82
2.39
1.87
1.02
2.7
1.03
3.0
1.0
1.52
1.04
1.84
1.8
3.0
1.0
2.63
3.0
1.54
1.69
1.03
1.07
1.24
2.3
2.24
1.02
1.19
1.61
1.27
3.0
1.06
1.91
2.56
3.0
1.78
1.0
1.36
3.0
1.02
1.93
3.0
3.0
1.67
3.0
1.03
1.0
1.01
1.9
1.03
1.28
1.05
1.08
3.0
3.0
1.08
1.05
3.0
3.0
3.0
3.0
1.0
3.0
3.0
1.21
1.43
3.0
1.25
3.0
1.04
3.0
2.18
1.2
1.01
3.0
3.0
1.04
2.79
1.1
2.33
1.02
1.08
1.14
3.0
3.0
1.68
2.43
1.28
3.0
1.03
1.58
3.0
3.0
1.73
1.3
1.01
1.88
2.5
3.0
1.04
1.29
1.0
1.04
1.78
2.06
1.38
1.09
1.4
1.0
3.0
1.04
3.0
1.16
2.06
2.55
3.0
2.35
2.1
1.04
1.04
1.14
1.02
1.05
1.07
3.0
3.0
1.53
1.27
2.93
3.0
1.11
1.02
3.0
1.0
2.07
3.0
2.14
1.0
1.71
1.0
3.0
3.0
3.0
2.36
1.88
1.0
1.03
1.0
3.0
1.68
2.59
1.18
1.09
1.0
1.07
3.0
3.0
1.08
1.05
1.32
1.0
3.0
2.06
3.0
2.64
1.21
1.0
1.09
1.0
1.0
1.92
1.08
2.6
3.0
1.26
3.0
1.05
3.0
1.05
1.06
3.0
3.0
3.0
3.0
1.45
1.03
3.0
1.21
2.41
1.27
1.16
3.0
1.21
1.39
1.21
3.0
2.16
1.0
3.0
1.02
1.1
3.0
1.0
3.0
1.0
1.72
3.0
2.95
1.37
3.0
2.51
2.16
1.16
1.0
3.0
3.0
1.11
1.01
3.0
1.06
3.0
1.49
1.67
1.27
3.0
3.0
1.0
1.01
1.23
1.06
3.0
3.0
3.0
3.0
1.3
1.0
1.07
1.1
1.04
1.4
3.0
1.16
1.0
2.25
3.0
2.11
1.02
1.62
1.06
3.0
1.02
1.94
2.25
3.0
1.0
1.04
1.01
1.53
1.96
1.09
1.77
1.31
1.27
2.53
1.31
1.05
3.0
3.0
1.38
3.0
2.98
3.0
1.0
1.77
1.0
3.0
1.02
1.0
3.0
1.41
1.24
3.0
1.92
2.45
1.04
2.17
1.73
1.08
1.42
2.02
3.0
3.0
1.0
1.04
1.3
1.06
1.03
1.59
1.09
1.24
1.0
2.13
1.84
3.0
2.3
1.05
2.07
3.0
1.85
1.53
1.11
1.03
1.35
1.3
3.0
1.22
2.28
1.0
3.0
1.01
1.39
2.07
2.5
3.0
1.17
1.24
1.03
1.54
3.0
1.0
1.09
1.4
3.0
3.0
3.0
1.09
2.78
1.26
1.8
1.53
3.0
2.63
3.0
1.0
3.0
1.44
3.0
1.74
1.34
1.05
2.26
1.24
1.89
3.0
1.27
1.33
1.04
2.55
2.23
1.4
1.04
1.07
3.0
1.02
3.0
1.37
1.89
1.66
1.14
1.0
1.19
1.1
1.08
3.0
1.59
1.0
1.3
1.1
2.44
1.14
1.05
1.4
1.05
3.0
1.16
1.13
3.0
3.0
1.42
1.0
2.25
1.49
2.09
1.02
1.05
1.11
3.0
1.32
2.98
1.02
1.06
3.0
1.13
3.0
3.0
3.0
3.0
1.54
3.0
3.0
1.0
1.25
3.0
1.0
3.0
2.13
3.0
1.49
3.0
1.04
3.0
1.0
3.0
1.18
1.53
2.85
2.91
1.08
1.1
1.09
2.95
3.0
1.0
1.89
1.03
3.0
1.26
1.02
1.81
3.0
1.29
3.0
1.04
3.0
1.2
1.04
1.06
1.94
2.01
2.53
1.14
1.98
3.0
1.24
3.0
2.16
1.17
1.0
2.61
1.08
1.0
1.98
1.01
3.0
1.05
1.14
3.0
1.99
1.1
1.02
1.2
3.0
3.0
3.0
1.46
2.03
1.04
1.09
1.0
1.12
2.43
1.47
1.51
3.0
3.0
1.03
2.16
1.6
3.0
3.0
2.18
3.0
1.1
1.02
3.0
3.0
2.96
2.67
1.58
3.0
3.0
1.04
1.0
1.86
1.02
1.21
3.0
1.08
1.04
1.05
1.03
1.53
1.45
3.0
3.0
1.34
1.53
3.0
1.05
1.32
3.0
1.0
1.07
1.83
3.0
3.0
3.0
1.02
2.08
2.64
2.91
1.01
3.0
2.8
1.16
1.0
2.24
1.28
1.04
3.0
1.51
1.0
1.15
1.98
1.63
3.0
3.0
3.0
1.5
1.0
1.0
3.0
2.3
1.05
3.0
1.35
3.0
2.71
1.06
1.04
1.26
3.0
1.42
1.25
3.0
3.0
1.2
1.0
1.03
1.67
3.0
1.0
3.0
2.93
1.14
3.0
1.11
1.0
1.3
1.28
3.0
3.0
1.0
1.01
1.13
1.38
3.0
1.01
1.13
1.0
3.0
3.0
2.07
1.32
1.0
3.0
1.96
2.28
1.48
1.03
3.0
1.06
1.87
1.02
1.11
1.34
2.72
3.0
1.0
1.54
2.17
1.08
1.15
1.29
3.0
3.0
3.0
1.23
1.0
3.0
1.14
3.0
1.04
2.28
1.48
1.09
2.44
1.29
3.0
3.0
1.06
1.08
1.02
1.03
1.47
2.02
1.03
1.64
3.0
1.91
1.03
1.55
1.12
3.0
1.34
1.28
1.05
1.15
3.0
3.0
1.84
3.0
1.04
1.39
3.0
1.05
1.75
2.86
1.71
3.0
3.0
1.0
3.0
1.53
3.0
1.0
2.45
3.0
2.46
1.12
3.0
1.72
3.0
1.98
1.0
1.15
3.0
1.09
1.02
3.0
3.0
1.92
1.03
1.7
3.0
1.52
3.0
3.0
2.72
1.04
2.46
3.0
1.1
1.02
1.43
1.55
1.3
1.23
1.0
3.0
3.0
3.0
3.0
3.0
3.0
1.06
1.66
3.0
3.0
1.14
2.47
3.0
1.05
1.0
1.1
3.0
1.04
2.58
3.0
1.04
1.3
1.24
1.45
1.37
3.0
1.01
1.29
1.0
1.0
3.0
1.0
3.0
1.05
1.23
1.49
3.0
3.0
1.02
1.36
1.33
1.02
1.7
1.07
3.0
3.0
1.0
1.88
3.0
1.23
1.83
1.94
1.66
1.12
1.02
1.49
1.02
1.01
3.0
1.0
1.82
1.63
1.02
3.0
1.02
1.34
1.08
1.93
2.54
3.0
3.0
1.34
1.03
2.94
3.0
1.45
1.03
3.0
1.01
3.0
3.0
3.0
1.62
1.0
1.0
1.22
1.0
3.0
3.0
3.0
1.0
3.0
3.0
1.0
1.09
1.05
1.12
1.84
1.99
1.77
3.0
1.05
3.0
1.03
1.04
3.0
1.0
3.0
1.25
1.93
3.0
2.26
2.39
2.84
1.02
1.99
1.01
3.0
1.05
3.0
1.85
1.07
1.2
2.86
1.0
1.29
1.0
1.49
1.87
1.02
3.0
2.85
1.35
3.0
2.05
1.0
3.0
1.07
3.0
3.0
1.06
2.02
2.95
1.13
1.8
3.0
3.0
1.87
1.07
1.0
3.0
1.0
1.08
2.03
1.05
1.51
3.0
1.17
1.0
1.02
1.83
1.12
1.02
3.0
1.45
3.0
3.0
1.42
3.0
1.09
3.0
2.28
3.0
1.14
1.04
2.32
1.59
3.0
2.01
1.2
1.33
2.32
1.0
2.43
1.03
1.02
1.07
1.03
1.08
1.62
1.3
3.0
3.0
3.0
2.04
1.3
1.82
2.36
1.04
1.64
2.4
1.15
3.0
1.1
1.0
1.04
2.45
1.71
1.76
1.03
1.32
3.0
1.02
3.0
2.09
3.0
1.53
1.23
2.25
1.06
2.21
1.03
1.6
3.0
1.13
1.04
3.0
3.0
1.41
2.59
3.0
2.64
3.0
1.03
1.58
3.0
1.47
1.0
1.0
1.08
3.0
2.01
1.04
1.03
2.25
1.58
1.88
3.0
1.11
1.1
1.76
1.09
1.04
3.0
3.0
1.04
1.03
1.0
1.17
1.46
1.37
1.06
3.0
1.02
1.66
1.03
1.02
3.0
1.29
1.04
2.05
1.27
1.01
1.12
3.0
1.01
3.0
2.58
1.26
1.03
1.04
1.01
1.04
1.4
1.69
3.0
1.36
1.04
1.02
1.03
1.05
1.32
1.01
3.0
1.07
3.0
1.2
1.38
1.35
3.0
1.13
2.13
1.04
3.0
1.09
1.99
1.18
3.0
1.76
1.04
1.1
1.07
3.0
1.06
1.01
1.09
1.09
3.0
1.17
3.0
1.58
1.83
1.8
2.09
2.51
1.73
1.05
1.95
1.26
3.0
2.14
1.13
2.49
1.01
1.0
1.14
1.0
3.0
1.46
1.7
2.17
2.27
1.02
1.04
1.0
2.29
2.69
1.0
3.0
1.14
1.02
3.0
3.0
1.05
1.08
2.33
2.11
1.17
1.07
3.0
1.45
3.0
1.05
1.0
3.0
1.15
1.07
2.03
2.46
3.0
1.32
3.0
1.02
3.0
3.0
2.78
1.82
1.72
1.9
1.51
1.78
1.0
3.0
2.1
1.05
1.02
1.82
3.0
1.24
1.08
1.05
1.83
1.13
1.68
1.21
1.06
1.0
1.89
1.04
1.0
1.06
1.04
2.02
1.03
2.03
2.2
3.0
3.0
1.0
3.0
1.02
1.0
1.0
3.0
1.04
3.0
3.0
3.0
1.1
1.49
3.0
3.0
3.0
1.5
1.61
1.43
1.03
1.18
3.0
1.98
1.38
1.0
1.0
3.0
1.08
1.05
1.03
1.0
1.69
1.46
1.26
3.0
1.0
3.0
2.49
1.05
1.03
2.24
1.82
2.75
3.0
1.03
3.0
1.28
2.63
3.0
3.0
1.0
1.04
3.0
1.22
3.0
1.28
3.0
1.02
3.0
1.22
1.22
1.36
1.56
1.0
1.38
2.43
3.0
3.0
1.23
1.02
1.73
1.03
2.56
2.12
1.09
1.2
1.97
2.65
1.93
1.04
2.64
1.09
3.0
1.93
1.04
1.89
1.08
3.0
3.0
1.0
1.04
2.1
1.93
2.27
1.73
1.92
1.27
1.0
1.12
2.45
1.21
2.56
1.02
1.22
3.0
3.0
1.27
1.71
1.17
1.05
1.62
1.08
3.0
2.17
2.11
1.9
1.0
1.27
1.0
1.03
1.0
1.25
1.82
1.21
3.0
1.02
2.57
1.02
3.0
3.0
3.0
3.0
1.14
3.0
1.09
1.0
3.0
1.34
1.04
1.81
3.0
1.0
1.14
1.0
3.0
1.34
1.0
2.59
3.0
2.87
1.01
1.05
1.13
3.0
1.13
3.0
1.57
1.04
1.16
3.0
1.05
1.03
2.59
1.09
3.0
1.04
3.0
3.0
3.0
1.38
1.35
1.09
1.02
1.39
3.0
1.81
1.41
2.38
1.21
3.0
3.0
1.03
1.79
1.15
3.0
1.04
1.33
1.03
3.0
3.0
1.21
3.0
3.0
3.0
3.0
1.04
1.0
3.0
1.59
3.0
2.25
3.0
1.13
3.0
1.0
1.05
1.05
2.61
1.0
3.0
1.18
1.77
1.76
1.02
1.01
2.96
1.5
3.0
3.0
1.15
3.0
3.0
2.6
1.08
3.0
2.32
2.71
3.0
1.2
3.0
3.0
1.04
1.4
3.0
1.25
1.25
1.01
1.04
1.0
1.71
1.04
1.08
1.76
1.01
3.0
1.63
2.82
3.0
1.14
1.03
1.19
1.4
1.94
3.0
3.0
1.03
1.16
2.0
3.0
3.0
1.53
1.12
2.03
1.58
3.0
1.02
1.02
1.01
1.27
2.19
1.06
1.27
2.08
1.01
1.12
1.21
1.01
3.0
1.07
3.0
3.0
1.04
1.03
1.02
1.0
1.05
1.72
1.04
1.03
1.03
2.11
1.12
2.21
1.58
1.14
3.0
1.09
1.16
3.0
1.0
1.84
3.0
1.07
2.6
3.0
3.0
1.02
1.04
1.0
1.86
1.24
1.0
1.32
1.15
2.78
1.63
3.0
1.0
1.24
1.45
1.62
1.02
1.0
1.91
1.2
1.05
1.01
1.05
1.95
1.03
3.0
2.68
2.01
3.0
1.25
1.23
2.48
1.0
1.01
1.35
1.09
1.2
1.11
3.0
1.56
3.0
1.03
3.0
1.45
1.0
3.0
1.31
1.48
1.61
1.06
1.72
1.79
1.02
1.0
1.05
3.0
1.33
1.2
1.05
1.54
1.06
1.0
1.03
1.4
1.04
1.98
3.0
2.4
1.0
1.44
1.83
1.3
1.15
3.0
1.09
3.0
1.0
1.0
2.34
3.0
2.33
3.0
1.19
2.03
1.06
2.64
1.31
3.0
3.0
1.03
1.73
2.0
1.07
3.0
2.35
1.0
1.28
1.0
1.03
3.0
3.0
3.0
2.51
1.53
3.0
1.13
3.0
1.19
1.0
1.86
1.0
1.13
1.03
1.0
3.0
1.02
1.0
1.98
1.0
1.44
1.03
1.59
2.1
3.0
1.15
3.0
1.37
2.38
1.04
1.43
3.0
1.07
1.17
3.0
3.0
2.07
1.21
1.02
2.09
1.22
1.81
1.06
3.0
1.0
1.0
1.13
1.0
1.13
3.0
3.0
1.0
3.0
3.0
1.98
3.0
1.42
1.48
2.28
2.82
1.05
2.03
1.51
1.26
1.07
1.01
3.0
3.0
1.55
1.3
1.05
1.78
1.98
1.83
2.27
2.48
2.13
1.27
3.0
1.02
1.38
1.24
2.87
3.0
1.61
1.09
3.0
1.84
2.33
3.0
1.16
1.0
1.32
3.0
1.25
1.79
2.52
1.03
1.87
1.04
1.87
1.42
1.24
1.86
1.37
2.25
1.04
3.0
3.0
1.58
1.04
1.42
1.06
3.0
2.53
1.5
1.01
3.0
2.78
1.11
3.0
3.0
1.6
1.23
1.04
1.79
1.22
1.64
1.02
3.0
1.03
2.38
1.22
1.19
1.77
1.02
3.0
1.06
1.25
1.02
2.47
1.04
1.18
3.0
1.31
2.42
1.01
1.03
1.57
2.12
1.02
1.08
1.84
3.0
1.02
3.0
1.04
1.1
2.34
1.41
1.54
1.03
1.0
1.7
3.0
1.2
3.0
2.3
1.99
1.08
1.09
1.79
3.0
1.01
1.0
2.42
1.02
1.29
3.0
1.52
3.0
1.52
1.01
2.0
3.0
2.03
3.0
1.01
2.88
1.9
1.17
2.08
3.0
1.09
1.33
3.0
3.0
3.0
3.0
1.05
3.0
1.22
1.13
1.12
3.0
3.0
3.0
1.62
3.0
1.02
2.11
2.92
1.85
3.0
3.0
1.0
3.0
3.0
1.0
1.02
1.0
3.0
1.38
1.0
3.0
1.16
1.1
1.02
1.15
3.0
2.94
2.35
1.17
3.0
1.0
1.08
1.02
1.2
2.38
3.0
1.08
3.0
2.05
3.0
2.48
1.02
3.0
3.0
2.28
1.0
3.0
1.09
3.0
1.28
1.16
3.0
1.77
3.0
3.0
1.0
1.0
1.97
1.06
1.27
1.12
1.31
1.0
1.19
1.14
2.09
3.0
1.94
3.0
1.35
1.01
1.23
3.0
3.0
1.04
2.21
1.22
1.04
1.03
1.67
2.94
3.0
1.09
1.4
2.88
3.0
1.9
1.02
3.0
1.49
1.19
1.67
1.94
1.41
2.61
3.0
3.0
1.03
1.95
1.46
2.08
3.0
1.27
3.0
1.01
1.08
3.0
1.9
1.17
1.33
1.03
1.34
1.12
1.02
1.94
3.0
1.68
3.0
3.0
1.61
1.05
1.02
3.0
2.59
3.0
1.06
3.0
2.48
2.07
1.14
1.0
2.7
1.29
1.69
2.84
3.0
1.02
3.0
3.0
1.31
3.0
2.26
1.0
1.59
3.0
3.0
1.24
3.0
1.0
1.9
3.0
3.0
3.0
1.03
3.0
1.47
1.03
1.01
3.0
1.41
3.0
3.0
2.33
1.03
1.04
3.0
2.08
3.0
2.69
1.52
1.54
1.09
1.06
3.0
1.31
1.32
1.6
1.0
1.06
1.05
1.03
3.0
3.0
1.02
1.15
1.02
1.0
3.0
1.4
3.0
1.02
3.0
1.1
3.0
1.24
1.07
1.03
2.98
2.33
1.0
1.1
1.67
1.19
3.0
1.04
1.32
3.0
1.15
2.36
1.34
1.55
1.88
1.02
1.0
1.02
1.13
1.07
1.09
1.79
1.0
1.14
1.05
3.0
1.03
1.05
1.08
1.09
1.75
1.53
1.66
3.0
1.41
1.02
1.05
2.09
1.28
2.96
1.35
3.0
3.0
3.0
1.0
2.91
2.58
3.0
1.03
1.63
2.31
3.0
1.13
2.29
1.81
1.0
1.04
1.2
1.02
1.26
3.0
1.03
3.0
1.92
1.59
3.0
1.12
1.02
1.46
2.81
3.0
3.0
1.01
3.0
3.0
1.02
3.0
3.0
1.03
3.0
3.0
1.45
3.0
1.0
2.74
1.08
1.15
3.0
1.43
2.02
2.94
3.0
1.03
1.43
1.16
1.0
1.27
1.07
1.76
3.0
1.24
1.07
3.0
3.0
1.37
1.04
1.83
1.37
1.01
3.0
2.02
1.08
3.0
2.7
1.05
1.02
1.24
1.26
1.51
1.01
1.03
1.02
1.03
1.22
2.02
1.28
3.0
1.22
1.09
1.04
2.23
2.0
2.7
2.69
1.28
2.91
3.0
1.04
1.05
1.01
2.46
1.06
1.67
1.42
1.02
3.0
2.62
2.06
1.06
3.0
1.13
3.0
1.24
1.06
1.54
1.2
1.07
3.0
2.04
1.29
1.67
1.18
3.0
1.92
1.02
3.0
1.99
1.01
2.8
1.53
1.01
3.0
2.88
1.04
3.0
1.04
3.0
3.0
1.07
1.02
3.0
1.1
3.0
2.41
3.0
1.16
1.7
1.19
1.26
1.0
1.0
3.0
3.0
1.43
1.18
1.08
2.64
1.01
1.36
1.02
1.54
2.39
3.0
3.0
3.0
3.0
2.01
1.0
1.03
1.02
3.0
3.0
1.27
3.0
1.0
1.0
1.01
3.0
1.36
3.0
1.55
1.21
3.0
3.0
3.0
2.15
1.05
1.22
3.0
3.0
1.15
2.48
1.42
2.15
1.03
1.56
1.06
1.35
3.0
1.1
1.14
1.0
1.09
1.09
3.0
3.0
2.79
1.0
3.0
1.06
1.3
1.04
1.39
1.1
1.96
1.66
3.0
3.0
2.07
3.0
3.0
1.0
1.19
2.62
3.0
3.0
1.04
1.06
1.05
3.0
3.0
1.06
3.0
3.0
1.49
1.28
3.0
1.39
1.0
3.0
1.03
1.49
1.83
1.38
1.04
3.0
1.02
1.0
1.08
3.0
1.0
3.0
1.91
3.0
1.35
1.41
1.02
1.0
2.92
2.44
1.11
1.06
1.0
1.16
1.1
1.09
3.0
1.78
1.04
1.24
1.0
3.0
1.08
1.05
1.02
1.25
1.09
3.0
3.0
2.05
1.0
3.0
1.09
3.0
2.39
1.91
1.06
1.04
1.88
1.03
3.0
1.53
2.05
1.15
3.0
1.43
1.02
3.0
3.0
3.0
1.25
1.66
1.18
1.03
2.75
1.05
1.15
1.0
3.0
1.02
1.5
1.65
1.1
1.29
1.05
1.0
3.0
1.53
1.0
1.56
1.38
1.71
1.23
1.24
1.03
1.0
1.09
1.08
1.66
3.0
1.23
1.0
1.63
1.22
1.23
2.13
1.35
1.0
1.87
1.0
1.03
1.03
1.02
2.07
1.09
1.0
3.0
3.0
1.03
3.0
3.0
1.05
1.51
1.65
1.1
3.0
1.03
1.1
1.05
1.03
1.0
1.02
1.11
2.32
2.49
1.0
2.88
1.19
3.0
1.44
3.0
3.0
3.0
3.0
1.17
1.17
1.0
1.0
1.4
1.04
1.07
1.83
1.0
1.54
3.0
1.0
1.39
1.94
1.24
3.0
2.83
1.08
1.44
1.0
3.0
1.21
3.0
1.48
3.0
1.03
1.15
1.05
1.13
1.03
2.65
1.0
1.92
2.2
1.62
1.03
1.02
2.61
3.0
1.83
1.12
3.0
1.17
3.0
3.0
1.15
1.0
1.59
1.04
1.93
2.46
1.3
2.23
3.0
1.0
1.01
3.0
2.33
1.06
3.0
3.0
3.0
1.05
1.04
3.0
1.04
1.95
3.0
3.0
1.18
1.78
1.05
2.83
3.0
1.0
1.92
1.1
1.61
1.04
1.96
1.12
3.0
1.06
1.06
1.17
1.67
3.0
3.0
1.07
1.16
1.0
1.0
2.54
1.05
3.0
3.0
1.68
1.01
3.0
3.0
3.0
1.0
1.34
3.0
1.02
1.04
1.43
3.0
3.0
3.0
1.35
1.12
2.64
3.0
1.0
1.6
2.09
1.02
1.09
3.0
1.63
2.21
3.0
3.0
1.54
3.0
1.02
2.91
1.01
2.9
1.09
3.0
1.84
3.0
1.03
2.47
3.0
3.0
1.1
3.0
3.0
1.03
1.04
3.0
3.0
1.03
3.0
1.02
3.0
1.77
2.12
2.91
1.0
3.0
3.0
1.23
1.03
3.0
1.02
1.04
3.0
1.0
2.38
1.08
1.82
3.0
2.0
1.04
3.0
1.38
1.08
1.07
1.17
1.96
3.0
1.58
3.0
1.0
1.21
1.27
1.49
3.0
3.0
1.93
1.24
1.0
1.47
3.0
1.36
1.02
1.01
1.32
1.22
3.0
1.37
3.0
1.77
2.79
1.9
3.0
1.0
1.04
3.0
1.1
1.03
1.15
2.66
1.72
3.0
3.0
1.75
3.0
1.11
1.03
1.01
2.07
1.05
1.4
3.0
1.7
2.48
1.0
1.15
1.68
1.05
3.0
1.0
1.07
1.19
1.01
1.02
1.0
1.0
3.0
1.55
1.36
2.03
3.0
1.42
3.0
1.06
1.97
2.36
1.16
3.0
1.21
1.04
1.47
1.11
1.03
3.0
1.0
1.33
3.0
1.22
2.59
2.93
1.23
1.0
1.58
1.67
1.82
1.21
1.05
3.0
1.03
1.03
1.04
2.13
3.0
2.18
1.03
1.15
1.0
1.43
1.0
1.2
2.98
3.0
2.26
1.08
1.05
1.0
1.25
1.04
3.0
2.86
1.5
1.29
1.13
3.0
1.18
1.05
3.0
3.0
1.02
2.83
1.44
1.24
3.0
3.0
1.0
3.0
2.47
1.96
2.14
2.18
2.29
1.0
2.04
3.0
1.17
1.03
3.0
2.23
1.47
1.09
3.0
1.0
1.23
3.0
1.8
1.81
2.79
2.83
1.01
1.08
2.67
1.06
1.18
1.63
2.15
1.03
1.47
1.06
1.66
1.02
3.0
1.68
1.05
1.02
1.25
1.04
1.0
1.35
1.12
2.3
1.34
1.05
3.0
1.34
1.31
3.0
3.0
1.04
1.2
1.53
3.0
3.0
3.0
1.0
1.71
1.51
3.0
3.0
1.95
2.41
1.01
3.0
1.0
2.16
2.11
1.18
1.02
3.0
3.0
1.0
3.0
1.49
1.0
1.25
1.01
2.59
1.02
1.0
3.0
1.01
1.59
3.0
1.45
1.96
1.51
3.0
1.0
1.05
1.34
1.27
3.0
1.94
1.04
1.0
1.01
2.36
2.72
3.0
1.63
2.23
2.83
1.54
1.21
1.04
1.13
1.14
3.0
1.56
3.0
1.26
1.04
3.0
1.15
3.0
1.3
2.59
1.0
2.8
1.88
1.04
1.05
1.14
1.12
1.03
3.0
3.0
2.92
2.07
2.71
1.56
1.46
1.19
1.0
3.0
1.03
3.0
1.02
1.0
1.06
2.43
1.04
3.0
1.0
1.02
1.89
3.0
1.02
2.8
1.18
3.0
1.29
1.03
1.07
1.02
2.11
3.0
1.15
1.57
1.07
3.0
1.05
1.05
1.05
1.05
1.05
1.05
1.05
1.05
1.05
1.05
1.05
1.05
1.05
1.05
1.05
1.05
1.05
1.05
1.05
1.05
1.05
1.05
1.05
1.05
1.05
1.05
1.05
1.05
1.05
1.05
1.05
3.0
1.81
1.25
1.33
3.0
2.86
1.0
1.03
3.0
1.04
1.19
1.04
1.0
1.06
1.31
3.0
3.0
3.0
2.13
1.0
1.04
1.25
1.0
1.43
1.07
2.28
1.18
1.78
1.32
3.0
3.0
2.26
1.04
3.0
1.02
1.02
1.85
1.53
3.0
1.14
1.85
1.0
1.09
1.0
1.23
1.2
1.14
3.0
2.43
1.06
2.24
1.09
1.0
1.0
3.0
3.0
1.04
1.27
3.0
1.02
1.81
1.02
2.11
1.03
1.0
1.19
3.0
1.61
2.18
3.0
1.09
1.41
1.02
3.0
1.64
1.55
3.0
1.03
2.5
1.0
1.02
1.02
1.04
3.0
3.0
3.0
3.0
1.03
1.48
1.03
1.6
1.77
3.0
3.0
1.21
1.02
1.03
2.34
2.44
3.0
1.04
1.3
1.0
3.0
1.08
3.0
1.44
1.1
1.42
1.22
3.0
3.0
1.0
2.55
3.0
1.23
1.0
3.0
3.0
1.05
1.19
1.24
1.1
3.0
1.49
1.21
1.48
1.48
1.04
1.0
1.2
1.85
1.01
1.0
1.2
1.83
3.0
1.54
1.48
1.02
3.0
1.35
2.12
3.0
1.57
1.25
1.05
1.0
3.0
2.41
2.01
3.0
1.04
1.03
1.0
1.0
1.1
1.99
1.39
1.22
3.0
3.0
1.63
1.03
3.0
1.05
1.2
3.0
1.04
3.0
1.52
1.05
2.59
3.0
1.28
1.59
1.48
3.0
1.01
2.13
1.0
1.03
1.07
1.02
1.01
1.02
1.0
1.0
1.53
1.0
1.33
3.0
3.0
1.87
2.28
3.0
1.15
1.0
3.0
1.79
1.46
1.18
1.0
1.02
1.04
2.26
1.23
3.0
3.0
1.0
1.06
3.0
2.35
3.0
1.0
2.93
2.17
1.06
2.06
1.76
1.0
1.07
3.0
1.34
1.19
1.0
1.85
1.57
3.0
1.04
1.04
3.0
3.0
1.39
1.07
2.15
1.27
2.32
1.02
1.57
2.08
2.41
1.0
1.41
1.95
1.83
1.04
1.56
1.04
1.67
1.59
1.06
1.01
3.0
3.0
1.54
2.02
3.0
1.0
3.0
2.54
3.0
1.01
3.0
1.04
2.24
3.0
2.28
1.03
1.0
2.17
1.09
1.05
3.0
1.04
3.0
1.32
1.12
1.6
1.04
1.04
1.24
3.0
1.07
3.0
1.18
2.34
3.0
1.64
3.0
3.0
1.0
2.77
1.65
1.04
1.09
1.65
3.0
1.07
2.52
1.03
2.03
1.63
3.0
2.73
1.04
1.56
1.0
3.0
1.03
3.0
3.0
3.0
1.69
1.0
1.14
1.79
1.22
2.06
1.22
3.0
1.0
1.76
3.0
1.56
3.0
3.0
2.9
1.03
3.0
1.6
3.0
1.36
3.0
1.0
1.39
1.11
3.0
1.02
3.0
2.3
1.05
3.0
1.0
1.03
3.0
1.04
1.29
1.32
1.02
1.87
3.0
1.0
3.0
1.7
1.27
1.0
1.07
1.0
1.17
2.28
1.01
2.43
1.34
1.3
1.09
1.09
1.05
1.1
1.01
3.0
1.82
3.0
1.09
1.16
1.1
1.05
2.15
1.74
3.0
2.49
1.24
1.08
1.0
1.82
1.07
1.02
1.05
3.0
1.07
2.28
1.34
3.0
1.04
1.0
3.0
2.4
3.0
3.0
1.82
2.2
2.2
1.05
1.34
1.86
1.06
3.0
1.12
2.86
1.07
1.03
1.0
2.31
1.31
3.0
1.24
3.0
1.04
3.0
1.49
1.08
3.0
1.14
3.0
1.83
2.98
1.11
1.93
1.03
1.55
1.48
1.34
3.0
3.0
3.0
1.06
1.04
1.47
1.55
2.62
1.19
1.22
2.63
1.89
1.87
1.0
1.04
1.13
3.0
2.05
1.01
1.17
1.02
3.0
1.32
3.0
3.0
2.39
1.03
2.54
1.04
1.6
2.34
1.19
1.04
1.81
1.33
3.0
1.18
1.04
1.82
3.0
1.03
1.5
3.0
1.0
2.01
1.0
2.91
1.06
3.0
1.78
2.24
1.0
2.52
1.03
1.36
3.0
1.57
1.65
3.0
1.01
2.77
1.38
3.0
1.0
3.0
1.39
2.87
1.56
3.0
1.51
3.0
1.04
1.02
1.09
1.07
1.04
1.37
3.0
1.05
2.13
3.0
1.02
1.07
1.5
1.02
2.77
1.0
3.0
2.95
3.0
1.1
1.04
1.03
3.0
2.18
1.46
1.03
2.49
1.26
1.87
2.1
3.0
1.02
3.0
1.0
3.0
1.05
1.06
3.0
2.03
1.45
3.0
3.0
1.37
1.0
2.87
1.24
1.14
1.0
1.04
1.01
1.15
2.71
1.92
1.51
1.03
1.03
2.23
2.26
1.29
2.68
3.0
1.6
1.0
1.99
3.0
1.84
3.0
3.0
1.0
3.0
1.78
1.04
3.0
1.6
3.0
3.0
3.0
1.43
1.24
1.03
1.03
3.0
3.0
2.22
1.01
2.45
1.0
1.25
1.87
2.91
1.38
1.05
3.0
1.6
3.0
3.0
3.0
1.04
3.0
1.03
1.19
1.23
1.05
3.0
1.48
2.49
3.0
1.32
1.18
3.0
1.22
1.46
1.05
3.0
1.17
1.76
1.95
1.9
1.1
1.7
1.7
2.45
1.89
1.03
1.03
1.01
1.2
3.0
2.79
1.0
1.1
2.52
1.64
3.0
2.11
1.59
1.31
2.03
1.03
1.04
3.0
1.02
1.03
1.93
3.0
1.03
1.07
1.02
1.66
1.02
3.0
2.52
1.02
1.91
3.0
1.04
1.33
1.39
1.28
2.03
3.0
1.08
3.0
3.0
2.07
3.0
1.22
1.04
1.38
3.0
3.0
1.03
1.46
3.0
2.55
2.98
1.33
1.05
1.0
3.0
1.45
2.15
1.26
3.0
1.07
3.0
1.0
1.2
3.0
3.0
2.07
1.48
1.0
1.95
1.35
1.54
1.06
3.0
1.14
1.52
2.15
3.0
1.05
3.0
2.96
1.13
3.0
2.37
2.8
1.67
1.08
1.13
2.64
2.09
3.0
1.04
2.83
2.86
1.01
1.82
1.67
1.0
2.07
1.04
1.0
1.0
3.0
1.03
1.31
3.0
3.0
1.27
3.0
3.0
3.0
3.0
1.59
1.04
3.0
1.72
3.0
1.87
3.0
2.73
1.16
1.48
3.0
1.0
3.0
1.0
1.93
1.01
3.0
2.55
3.0
3.0
2.36
2.01
1.0
1.58
1.11
1.1
1.03
3.0
2.65
1.2
1.2
3.0
1.04
1.19
1.22
3.0
1.07
3.0
2.16
1.13
1.0
2.03
1.6
3.0
1.0
1.46
1.47
1.02
3.0
1.63
1.18
1.11
1.0
1.06
2.01
2.45
1.08
1.99
3.0
1.03
11.11
2.08
2.79
3.35
3.38
2.99
1.73
6.1
1.21
11.36
1.07
2.18
3.6
1.71
1.05
2.1
2.08
12.46
1.05
1.62
1.25
15.67
1.06
1.11
1.61
20.19
5.34
1.47
2.21
1.47
4.04
3.94
1.5
1.04
1.08
11.83
1.64
1.06
1.07
1.31
2.12
1.32
4.02
1.08
1.03
5.21
1.0
2.5
2.54
27.07
97.09
1.32
1.11
1.07
8.18
2.72
2.19
1.79
4.56
3.24
7.31
1.0
1871.16
1.4
1.56
3.61
1.82
1.67
5.18
6.45
1.32
41.32
1.0
21.46
4.1
2.14
41.02
3.81
1.03
68.4
1.6
1.62
20.19
8.33
24.26
35.56
1.24
1.08
3.08
1.09
2.35
1.16
4.06
12.28
16.44
6.39
1.02
4.71
1.51
16.46
1.0
1.15
20.57
1.02
4.8
4.07
1.14
1.08
3.65
1.0
1.64
1.42
3.0
1.07
3.0
3.0
1.1
1.6
1.02
1.64
2.12
3.0
1.01
1.68
1.81
1.16
1.0
2.34
1.0
1.0
1.5
2.76
1.33
3.0
1.08
3.0
1.03
1.17
1.03
1.04
3.0
1.04
3.0
1.02
1.03
1.42
2.62
1.0
1.91
1.51
2.71
1.43
9.49
1.69
1.41
3.24
3.79
216.01
24.75
1.8
3.07
2.02
1.03
2.06
1103.28
1.09
1.08
1.08
1.03
1.43
2.67
1.0
2.81
6.78
1.03
1.57
1.79
3.27
1.04
11.44
11.38
5.42
1.64
1.3
1.0
10.21
4.09
3.57
1.0
8.88
1.03
1.04
1.08
3.65
28.53
65.31
1.0
3.05
3.82
2.74
362.45
15.93
1.27
1.34
1.02
27.12
52.98
64.29
1.42
1.71
35.01
1.22
1.28
3.02
3.26
1.15
1.08
1.2
17.55
1.27
1.19
3.13
12.66
1.29
1.0
5.64
274.34
1.38
